index time band flux fluxerr zp zpsys SNR finSeeing airmass filtSkyBrightness fiveSigmaDepth propID night DetectionEfficiency modelFlux deviation
421314 49932.058216 r 3.11716796964e-10 3.31982553254e-11 0.0 ab 9.3895535747 0.663602 1.224512 20.716112 24.463581 364 579 0.968089875059 3.11716796964e-10 1.76405234597
421358 49932.079699 r 3.1141493843e-10 3.8421235131e-11 0.0 ab 8.10528181533 0.767641 1.259748 20.711291 24.29952 364 579 0.950790003556 3.1141493843e-10 0.400157208367
416037 49921.066865 i 4.36211039561e-10 5.53150320901e-11 0.0 ab 7.88594027841 0.759606 1.200204 20.070988 23.902754 364 568 0.926109772519 4.36211039561e-10 0.978737984106
416083 49921.091197 i 4.36348964741e-10 5.66294945153e-11 0.0 ab 7.70533038437 0.769669 1.228999 20.051359 23.876635 364 568 0.920583109762 4.36348964741e-10 2.2408931992
412958 49917.155947 g 1.21399797808e-10 2.29649736834e-11 0.0 ab 5.28630250055 0.711484 1.350827 21.744727 24.851022 364 564 0.406369339145 1.21399797808e-10 1.86755799015
427459 49938.119645 z 3.83845893503e-10 1.90426592458e-10 0.0 ab 2.01571581232 0.620264 1.424767 17.50873 22.550183 364 585 0.00930861112027 3.83845893503e-10 -0.977277879876
401499 49902.110964 r 4.34305617992e-11 3.01976283234e-11 0.0 ab 1.43821101889 0.728065 1.193678 21.065321 24.540612 364 549 0.00163934864912 4.34305617992e-11 0.950088417526
403022 49904.131313 i 9.96245385442e-11 7.08073774069e-11 0.0 ab 1.40697964241 0.782999 1.219447 19.574843 23.620402 364 551 0.000944187785448 9.96245385442e-11 -0.151357208298
426450 49937.114818 z 4.017077748e-10 3.00597870458e-10 0.0 ab 1.33636267678 1.017432 1.395554 17.58995 22.055223 364 584 0.00280908803034 4.017077748e-10 -0.103218851794
426493 49937.135891 z 4.01321907073e-10 3.05507755119e-10 0.0 ab 1.31362265065 1.005092 1.481971 17.538688 22.037656 364 584 0.00274086795195 4.01321907073e-10 0.410598501938
401466 49902.092639 r 4.30964799807e-11 3.37882635873e-11 0.0 ab 1.27548667511 0.804573 1.185276 21.038247 24.419427 364 549 0.00121626535529 4.30964799807e-11 0.144043571161
402979 49904.110195 i 9.91304009044e-11 7.95628752016e-11 0.0 ab 1.24593789067 0.875616 1.197429 19.562349 23.494315 364 551 0.000847562734402 9.91304009044e-11 1.45427350696
432573 49949.045848 g 1.54483536611e-11 2.54794162563e-11 0.0 ab 0.606307205226 0.825404 1.288237 21.782861 24.721979 364 596 0.000378738558955 1.54483536611e-11 0.761037725147
432627 49949.07371 g 1.54254201001e-11 2.77846723342e-11 0.0 ab 0.555177326352 0.866619 1.366404 21.735615 24.629037 364 596 0.00038896453473 1.54254201001e-11 0.121675016493
417477 49923.024537 u 4.09608824251e-12 5.59702548196e-11 0.0 ab 0.0731833052344 0.859607 1.183796 22.102455 23.840001 364 570 0.000229273322094 4.09608824251e-12 0.443863232745
398068 49898.951641 z 1.41685487007e-11 3.86728379309e-10 0.0 ab 0.0366369510455 0.996029 1.42529 17.0 21.781548 364 546 0.0005 1.41685487007e-11 0.333674327374
